date_str,positive,negative,neutral,daily_tweets_cnt,perc_positive,perc_negative,perc_neutral,acc_positive,acc_negative,acc_neutral,acc_tweets_cnt
2020-01-02,1,0,0,1,1.0,0.0,0.0,1,0,0,1
2020-01-07,0,3,0,3,0.0,1.0,0.0,1,3,0,4
2020-01-08,0,2,0,2,0.0,1.0,0.0,1,5,0,6
2020-01-09,0,1,0,1,0.0,1.0,0.0,1,6,0,7
2020-01-10,13,1,0,14,0.9286,0.0714,0.0,14,7,0,21
2020-01-11,5,0,0,5,1.0,0.0,0.0,19,7,0,26
2020-01-12,2,0,0,2,1.0,0.0,0.0,21,7,0,28
2020-01-13,4,0,1,5,0.8,0.0,0.2,25,7,1,33
2020-01-14,1,0,1,2,0.5,0.0,0.5,26,7,2,35
2020-01-15,3,1,3,7,0.4286,0.1429,0.4286,29,8,5,42
2020-01-17,5,0,3,8,0.625,0.0,0.375,34,8,8,50
2020-01-18,2,0,0,2,1.0,0.0,0.0,36,8,8,52
2020-01-20,2,0,0,2,1.0,0.0,0.0,38,8,8,54
2020-01-21,2,0,0,2,1.0,0.0,0.0,40,8,8,56
2020-01-22,1,0,0,1,1.0,0.0,0.0,41,8,8,57
2020-01-23,2,0,0,2,1.0,0.0,0.0,43,8,8,59
2020-01-24,4,0,0,4,1.0,0.0,0.0,47,8,8,63
2020-01-27,1,0,0,1,1.0,0.0,0.0,48,8,8,64
2020-01-30,1,0,0,1,1.0,0.0,0.0,49,8,8,65
2020-02-04,1,0,0,1,1.0,0.0,0.0,50,8,8,66
2020-02-11,20,0,0,20,1.0,0.0,0.0,70,8,8,86
2020-02-12,2,0,0,2,1.0,0.0,0.0,72,8,8,88
2020-02-18,2,0,0,2,1.0,0.0,0.0,74,8,8,90
2020-02-19,4,0,0,4,1.0,0.0,0.0,78,8,8,94
2020-03-01,4,0,0,4,1.0,0.0,0.0,82,8,8,98
2020-03-02,2,0,0,2,1.0,0.0,0.0,84,8,8,100
2020-03-03,2,0,0,2,1.0,0.0,0.0,86,8,8,102
2020-03-04,1,0,0,1,1.0,0.0,0.0,87,8,8,103
2020-03-05,0,0,1,1,0.0,0.0,1.0,87,8,9,104
2020-03-07,0,0,1,1,0.0,0.0,1.0,87,8,10,105
2020-03-12,0,0,1,1,0.0,0.0,1.0,87,8,11,106
2020-03-13,0,0,2,2,0.0,0.0,1.0,87,8,13,108
2020-03-14,6,0,0,6,1.0,0.0,0.0,93,8,13,114
2020-03-16,16,0,2,18,0.8889,0.0,0.1111,109,8,15,132
2020-03-17,10,0,0,10,1.0,0.0,0.0,119,8,15,142
2020-03-18,1,0,0,1,1.0,0.0,0.0,120,8,15,143
2020-03-19,9,0,0,9,1.0,0.0,0.0,129,8,15,152
2020-03-20,3,0,0,3,1.0,0.0,0.0,132,8,15,155
2020-03-21,2,0,0,2,1.0,0.0,0.0,134,8,15,157
2020-03-22,2,0,0,2,1.0,0.0,0.0,136,8,15,159
2020-03-23,4,0,9,13,0.3077,0.0,0.6923,140,8,24,172
2020-03-24,4,0,3,7,0.5714,0.0,0.4286,144,8,27,179
2020-03-25,2,0,3,5,0.4,0.0,0.6,146,8,30,184
2020-03-26,3,0,0,3,1.0,0.0,0.0,149,8,30,187
2020-03-27,10,0,3,13,0.7692,0.0,0.2308,159,8,33,200
2020-03-28,1,0,0,1,1.0,0.0,0.0,160,8,33,201
2020-03-29,1,0,0,1,1.0,0.0,0.0,161,8,33,202
2020-03-30,1,0,11,12,0.0833,0.0,0.9167,162,8,44,214
2020-03-31,1,0,0,1,1.0,0.0,0.0,163,8,44,215
2020-04-01,1,0,0,1,1.0,0.0,0.0,164,8,44,216
2020-04-02,3,0,0,3,1.0,0.0,0.0,167,8,44,219
2020-04-03,1,0,1,2,0.5,0.0,0.5,168,8,45,221
2020-04-07,0,0,10,10,0.0,0.0,1.0,168,8,55,231
2020-04-08,0,0,4,4,0.0,0.0,1.0,168,8,59,235
2020-04-10,0,6,0,6,0.0,1.0,0.0,168,14,59,241
2020-04-11,1,4,0,5,0.2,0.8,0.0,169,18,59,246
2020-04-12,0,1,0,1,0.0,1.0,0.0,169,19,59,247
2020-04-13,1,1,0,2,0.5,0.5,0.0,170,20,59,249
2020-04-14,1,1,1,3,0.3333,0.3333,0.3333,171,21,60,252
2020-04-15,0,0,12,12,0.0,0.0,1.0,171,21,72,264
2020-04-16,9,0,0,9,1.0,0.0,0.0,180,21,72,273
2020-04-17,1,0,0,1,1.0,0.0,0.0,181,21,72,274
2020-04-18,1,0,4,5,0.2,0.0,0.8,182,21,76,279
2020-04-19,1,0,7,8,0.125,0.0,0.875,183,21,83,287
2020-04-20,0,0,6,6,0.0,0.0,1.0,183,21,89,293
2020-04-21,0,0,9,9,0.0,0.0,1.0,183,21,98,302
2020-04-22,0,0,9,9,0.0,0.0,1.0,183,21,107,311
2020-04-24,0,0,1,1,0.0,0.0,1.0,183,21,108,312
2020-04-25,1,0,1,2,0.5,0.0,0.5,184,21,109,314
2020-04-26,0,2,0,2,0.0,1.0,0.0,184,23,109,316
2020-04-27,0,0,6,6,0.0,0.0,1.0,184,23,115,322
2020-04-28,0,0,1,1,0.0,0.0,1.0,184,23,116,323
2020-04-29,0,0,1,1,0.0,0.0,1.0,184,23,117,324
2020-04-30,0,0,5,5,0.0,0.0,1.0,184,23,122,329
2020-05-01,0,4,5,9,0.0,0.4444,0.5556,184,27,127,338
2020-05-02,1,5,0,6,0.1667,0.8333,0.0,185,32,127,344
2020-05-03,1,0,0,1,1.0,0.0,0.0,186,32,127,345
2020-05-04,0,1,1,2,0.0,0.5,0.5,186,33,128,347
2020-05-05,12,1,0,13,0.9231,0.0769,0.0,198,34,128,360
2020-05-06,2,2,1,5,0.4,0.4,0.2,200,36,129,365
2020-05-07,1,2,0,3,0.3333,0.6667,0.0,201,38,129,368
2020-05-08,2,0,0,2,1.0,0.0,0.0,203,38,129,370
2020-05-09,0,1,1,2,0.0,0.5,0.5,203,39,130,372
2020-05-11,1,0,0,1,1.0,0.0,0.0,204,39,130,373
2020-05-12,2,0,0,2,1.0,0.0,0.0,206,39,130,375
2020-05-13,9,1,2,12,0.75,0.0833,0.1667,215,40,132,387
2020-05-14,7,0,0,7,1.0,0.0,0.0,222,40,132,394
2020-05-15,3,0,0,3,1.0,0.0,0.0,225,40,132,397
2020-05-16,2,4,0,6,0.3333,0.6667,0.0,227,44,132,403
2020-05-17,1,5,0,6,0.1667,0.8333,0.0,228,49,132,409
2020-05-18,1,15,0,16,0.0625,0.9375,0.0,229,64,132,425
2020-05-19,2,7,0,9,0.2222,0.7778,0.0,231,71,132,434
2020-05-20,2,1,0,3,0.6667,0.3333,0.0,233,72,132,437
2020-05-21,7,0,1,8,0.875,0.0,0.125,240,72,133,445
2020-05-22,1,0,0,1,1.0,0.0,0.0,241,72,133,446
2020-05-23,3,0,0,3,1.0,0.0,0.0,244,72,133,449
2020-05-24,2,0,0,2,1.0,0.0,0.0,246,72,133,451
2020-05-25,9,0,10,19,0.4737,0.0,0.5263,255,72,143,470
2020-05-26,3,0,2,5,0.6,0.0,0.4,258,72,145,475
2020-05-27,6,0,1,7,0.8571,0.0,0.1429,264,72,146,482
2020-05-28,4,0,0,4,1.0,0.0,0.0,268,72,146,486
2020-05-29,1,0,1,2,0.5,0.0,0.5,269,72,147,488
2020-05-30,0,0,3,3,0.0,0.0,1.0,269,72,150,491
2020-06-01,2,0,0,2,1.0,0.0,0.0,271,72,150,493
2020-06-02,0,0,2,2,0.0,0.0,1.0,271,72,152,495
2020-06-03,1,0,8,9,0.1111,0.0,0.8889,272,72,160,504
2020-06-04,0,0,1,1,0.0,0.0,1.0,272,72,161,505
2020-06-05,1,0,3,4,0.25,0.0,0.75,273,72,164,509
2020-06-06,2,0,1,3,0.6667,0.0,0.3333,275,72,165,512
2020-06-09,8,0,0,8,1.0,0.0,0.0,283,72,165,520
2020-06-10,2,0,0,2,1.0,0.0,0.0,285,72,165,522
2020-06-11,0,0,9,9,0.0,0.0,1.0,285,72,174,531
2020-06-12,7,0,2,9,0.7778,0.0,0.2222,292,72,176,540
2020-06-13,1,0,1,2,0.5,0.0,0.5,293,72,177,542
2020-06-14,14,0,1,15,0.9333,0.0,0.0667,307,72,178,557
2020-06-15,2,0,5,7,0.2857,0.0,0.7143,309,72,183,564
2020-06-16,11,0,1,12,0.9167,0.0,0.0833,320,72,184,576
2020-06-17,10,0,1,11,0.9091,0.0,0.0909,330,72,185,587
2020-06-18,1,0,1,2,0.5,0.0,0.5,331,72,186,589
2020-06-19,1,1,1,3,0.3333,0.3333,0.3333,332,73,187,592
2020-06-21,1,0,0,1,1.0,0.0,0.0,333,73,187,593
2020-06-22,1,12,2,15,0.0667,0.8,0.1333,334,85,189,608
2020-06-23,31,0,5,36,0.8611,0.0,0.1389,365,85,194,644
2020-06-24,2,0,21,23,0.087,0.0,0.913,367,85,215,667
2020-06-25,5,0,1,6,0.8333,0.0,0.1667,372,85,216,673
2020-06-26,9,1,1,11,0.8182,0.0909,0.0909,381,86,217,684
2020-06-27,1,0,2,3,0.3333,0.0,0.6667,382,86,219,687
2020-06-28,7,0,1,8,0.875,0.0,0.125,389,86,220,695
2020-06-29,14,6,14,34,0.4118,0.1765,0.4118,403,92,234,729
2020-06-30,49,31,52,132,0.3712,0.2348,0.3939,452,123,286,861
2020-07-01,102,22,52,176,0.5795,0.125,0.2955,554,145,338,1037
2020-07-02,111,88,14,213,0.5211,0.4131,0.0657,665,233,352,1250
2020-07-03,120,82,34,236,0.5085,0.3475,0.1441,785,315,386,1486
2020-07-04,181,29,40,250,0.724,0.116,0.16,966,344,426,1736
2020-07-05,56,16,26,98,0.5714,0.1633,0.2653,1022,360,452,1834
2020-07-06,45,73,21,139,0.3237,0.5252,0.1511,1067,433,473,1973
2020-07-07,258,1138,576,1972,0.1308,0.5771,0.2921,1325,1571,1049,3945
2020-07-08,161,111,228,500,0.322,0.222,0.456,1486,1682,1277,4445
2020-07-09,208,169,94,471,0.4416,0.3588,0.1996,1694,1851,1371,4916
2020-07-10,106,86,1232,1424,0.0744,0.0604,0.8652,1800,1937,2603,6340
2020-07-11,22,67,46,135,0.163,0.4963,0.3407,1822,2004,2649,6475
2020-07-12,57,35,27,119,0.479,0.2941,0.2269,1879,2039,2676,6594
2020-07-13,83,315,38,436,0.1904,0.7225,0.0872,1962,2354,2714,7030
2020-07-14,120,235,74,429,0.2797,0.5478,0.1725,2082,2589,2788,7459
2020-07-15,97,115,39,251,0.3865,0.4582,0.1554,2179,2704,2827,7710
2020-07-16,161,76,21,258,0.624,0.2946,0.0814,2340,2780,2848,7968
2020-07-17,85,50,25,160,0.5312,0.3125,0.1562,2425,2830,2873,8128
2020-07-18,24,12,11,47,0.5106,0.2553,0.234,2449,2842,2884,8175
2020-07-19,16,23,6,45,0.3556,0.5111,0.1333,2465,2865,2890,8220
2020-07-20,139,76,214,429,0.324,0.1772,0.4988,2604,2941,3104,8649
2020-07-21,85,74,46,205,0.4146,0.361,0.2244,2689,3015,3150,8854
2020-07-22,124,97,85,306,0.4052,0.317,0.2778,2813,3112,3235,9160
2020-07-23,96,46,36,178,0.5393,0.2584,0.2022,2909,3158,3271,9338
2020-07-24,69,92,37,198,0.3485,0.4646,0.1869,2978,3250,3308,9536
2020-07-25,40,28,37,105,0.381,0.2667,0.3524,3018,3278,3345,9641
2020-07-26,27,47,15,89,0.3034,0.5281,0.1685,3045,3325,3360,9730
2020-07-27,57,131,74,262,0.2176,0.5,0.2824,3102,3456,3434,9992
2020-07-28,97,65,70,232,0.4181,0.2802,0.3017,3199,3521,3504,10224
2020-07-29,180,44,76,300,0.6,0.1467,0.2533,3379,3565,3580,10524
2020-07-30,61,112,41,214,0.285,0.5234,0.1916,3440,3677,3621,10738
2020-07-31,136,15,23,174,0.7816,0.0862,0.1322,3576,3692,3644,10912
2020-08-01,35,73,37,145,0.2414,0.5034,0.2552,3611,3765,3681,11057
2020-08-02,352,534,426,1312,0.2683,0.407,0.3247,3963,4299,4107,12369
2020-08-03,386,142,395,923,0.4182,0.1538,0.428,4349,4441,4502,13292
2020-08-04,1651,59,117,1827,0.9037,0.0323,0.064,6000,4500,4619,15119
2020-08-05,109,118,94,321,0.3396,0.3676,0.2928,6109,4618,4713,15440
2020-08-06,1248,84,266,1598,0.781,0.0526,0.1665,7357,4702,4979,17038
2020-08-07,131,161,146,438,0.2991,0.3676,0.3333,7488,4863,5125,17476
2020-08-08,73,90,31,194,0.3763,0.4639,0.1598,7561,4953,5156,17670
2020-08-09,481,71,84,636,0.7563,0.1116,0.1321,8042,5024,5240,18306
2020-08-10,303,131,67,501,0.6048,0.2615,0.1337,8345,5155,5307,18807
2020-08-11,160,439,82,681,0.2349,0.6446,0.1204,8505,5594,5389,19488
2020-08-12,1547,27,135,1709,0.9052,0.0158,0.079,10052,5621,5524,21197
2020-08-13,130,149,176,455,0.2857,0.3275,0.3868,10182,5770,5700,21652
2020-08-14,74,74,118,266,0.2782,0.2782,0.4436,10256,5844,5818,21918
2020-08-15,40,45,33,118,0.339,0.3814,0.2797,10296,5889,5851,22036
2020-08-16,58,227,86,371,0.1563,0.6119,0.2318,10354,6116,5937,22407
2020-08-17,227,89,47,363,0.6253,0.2452,0.1295,10581,6205,5984,22770
2020-08-18,162,279,94,535,0.3028,0.5215,0.1757,10743,6484,6078,23305
2020-08-19,68,26,78,172,0.3953,0.1512,0.4535,10811,6510,6156,23477
2020-08-20,92,53,56,201,0.4577,0.2637,0.2786,10903,6563,6212,23678
2020-08-21,174,35,67,276,0.6304,0.1268,0.2428,11077,6598,6279,23954
2020-08-22,14,13,21,48,0.2917,0.2708,0.4375,11091,6611,6300,24002
2020-08-23,69,53,26,148,0.4662,0.3581,0.1757,11160,6664,6326,24150
2020-08-24,185,113,91,389,0.4756,0.2905,0.2339,11345,6777,6417,24539
2020-08-25,108,105,63,276,0.3913,0.3804,0.2283,11453,6882,6480,24815
2020-08-26,69,162,79,310,0.2226,0.5226,0.2548,11522,7044,6559,25125
2020-08-27,248,74,93,415,0.5976,0.1783,0.2241,11770,7118,6652,25540
2020-08-28,63,51,74,188,0.3351,0.2713,0.3936,11833,7169,6726,25728
2020-08-29,60,8,65,133,0.4511,0.0602,0.4887,11893,7177,6791,25861
2020-08-30,70,38,105,213,0.3286,0.1784,0.493,11963,7215,6896,26074
2020-08-31,80,7,206,293,0.273,0.0239,0.7031,12043,7222,7102,26367
2020-09-01,163,52,61,276,0.5906,0.1884,0.221,12206,7274,7163,26643
2020-09-02,85,58,64,207,0.4106,0.2802,0.3092,12291,7332,7227,26850
2020-09-03,179,24,307,510,0.351,0.0471,0.602,12470,7356,7534,27360
2020-09-04,148,22,82,252,0.5873,0.0873,0.3254,12618,7378,7616,27612
2020-09-05,58,17,20,95,0.6105,0.1789,0.2105,12676,7395,7636,27707
2020-09-06,37,192,37,266,0.1391,0.7218,0.1391,12713,7587,7673,27973
2020-09-07,172,38,71,281,0.6121,0.1352,0.2527,12885,7625,7744,28254
2020-09-08,433,64,88,585,0.7402,0.1094,0.1504,13318,7689,7832,28839
2020-09-09,125,54,252,431,0.29,0.1253,0.5847,13443,7743,8084,29270
2020-09-10,950,345,993,2288,0.4152,0.1508,0.434,14393,8088,9077,31558
2020-09-11,111,151,133,395,0.281,0.3823,0.3367,14504,8239,9210,31953
2020-09-12,38,98,49,185,0.2054,0.5297,0.2649,14542,8337,9259,32138
2020-09-13,330,223,107,660,0.5,0.3379,0.1621,14872,8560,9366,32798
2020-09-14,130,99,72,301,0.4319,0.3289,0.2392,15002,8659,9438,33099
2020-09-15,57,102,83,242,0.2355,0.4215,0.343,15059,8761,9521,33341
